C: 53 22 15 7 3 0 0 0 0 0 
C: 51 24 14 8 3 0 0 0 0 0 
C: 52 25 13 5 4 1 0 0 0
C: 25 24 12 8 2 1 28 0 0 0
C: 55 23 12 6 3 1 0 0 0 0
C: 49 26 13 8 3 1 0 0 0 0
C: 53 27 10 7 3 0 0 0 0 0
C: 59 23 7 4 7 0 0 0 0 0
C: 59 20 8 8 5 0 0 0 0 0
C: 60 21 9 8 2 0 0 0 0 0
C: 60 25 4 5 6 0 0 0 0 0

4
56 43 20
56 43 12
56 43 20 12

mxdens: 0.076543209876543 0.082504703036818 0.080584099513250 0.057232049947971 0.042366691015340 -1000000000000000000.000000000000000 -1000000000000000000.000000000000000 -1000000000000000000.000000000000000 -1000000000000000000.000000000000000 -1000000000000000000.000000000000000
mndens: 0.016930932545015 0.063096337334564 0.044297520661157 0.018467220683287 0.033469387755102 1000000000000000000.000000000000000 1000000000000000000.000000000000000 1000000000000000000.000000000000000 1000000000000000000.000000000000000 1000000000000000000.000000000000000

mxdens: 0.079552925706772 0.082504703036818 0.078159240321402 0.057232049947971 0.042366691015340 -1000000000000000000.000000000000000 -1000000000000000000.000000000000000 -1000000000000000000.000000000000000 -1000000000000000000.000000000000000 -1000000000000000000.000000000000000
mndens: 0.016930932545015 0.050565139797739 0.044297520661157 0.018467220683287 0.033469387755102 1000000000000000000.000000000000000 1000000000000000000.000000000000000 1000000000000000000.000000000000000 1000000000000000000.000000000000000 1000000000000000000.000000000000000

mxdens: 0.073461891643710 0.083246618106139 0.083288263926447 0.055096418732782 0.032215647600263 -1000000000000000000.000000000000000 -1000000000000000000.000000000000000 -1000000000000000000.000000000000000 -1000000000000000000.000000000000000 -1000000000000000000.000000000000000
mndens: 0.021276595744681 0.053884297520661 0.048395061728395 0.022120080436656 0.016393442622951 1000000000000000000.000000000000000 1000000000000000000.000000000000000 1000000000000000000.000000000000000 1000000000000000000.000000000000000 1000000000000000000.000000000000000

mxdens: 0.077051228654727 0.083246618106139 0.083288263926447 0.050909090909091 0.047933884297521 -1000000000000000000.000000000000000 -1000000000000000000.000000000000000 -1000000000000000000.000000000000000 -1000000000000000000.000000000000000 -1000000000000000000.000000000000000
mndens: 0.021276595744681 0.051400430901816 0.059167275383492 0.016393442622951 0.029204975662520 1000000000000000000.000000000000000 1000000000000000000.000000000000000 1000000000000000000.000000000000000 1000000000000000000.000000000000000 1000000000000000000.000000000000000

mxdens: 0.079969242599000 0.083288263926447 0.075385256143274 0.053877551020408 0.029204975662520 -1000000000000000000.000000000000000 -1000000000000000000.000000000000000 -1000000000000000000.000000000000000 -1000000000000000000.000000000000000 -1000000000000000000.000000000000000
mndens: 0.021276595744681 0.053884297520661 0.048395061728395 0.022120080436656 0.016393442622951 1000000000000000000.000000000000000 1000000000000000000.000000000000000 1000000000000000000.000000000000000 1000000000000000000.000000000000000 1000000000000000000.000000000000000

mxdens: 0.077134986225895 0.083288263926447 0.067509336397587 0.053877551020408 0.047933884297521 -1000000000000000000.000000000000000 -1000000000000000000.000000000000000 -1000000000000000000.000000000000000 -1000000000000000000.000000000000000 -1000000000000000000.000000000000000
mndens: 0.021276595744681 0.063711911357341 0.067509336397587 0.022120080436656 0.016393442622951 1000000000000000000.000000000000000 1000000000000000000.000000000000000 1000000000000000000.000000000000000 1000000000000000000.000000000000000 1000000000000000000.000000000000000

mxdens: 0.082660515186467 0.083288263926447 0.082486919052016 0.047933884297521 0.053877551020408 -1000000000000000000.000000000000000 -1000000000000000000.000000000000000 -1000000000000000000.000000000000000 -1000000000000000000.000000000000000 -1000000000000000000.000000000000000
mndens: 0.021545090797168 0.042291426374471 0.021276595744681 0.022120080436656 0.016393442622951 1000000000000000000.000000000000000 1000000000000000000.000000000000000 1000000000000000000.000000000000000 1000000000000000000.000000000000000 1000000000000000000.000000000000000

mxdens: 0.083246618106139 0.083288263926447 0.076331178824254 0.048771804912780 0.053877551020408 -1000000000000000000.000000000000000 -1000000000000000000.000000000000000 -1000000000000000000.000000000000000 -1000000000000000000.000000000000000 -1000000000000000000.000000000000000
mndens: 0.021545090797168 0.042291426374471 0.021276595744681 0.016393442622951 0.029204975662520 1000000000000000000.000000000000000 1000000000000000000.000000000000000 1000000000000000000.000000000000000 1000000000000000000.000000000000000 1000000000000000000.000000000000000

mxdens: 0.083246618106139 0.082660515186467 0.083288263926447 0.040753556324491 0.035371011149558 -1000000000000000000.000000000000000 -1000000000000000000.000000000000000 -1000000000000000000.000000000000000 -1000000000000000000.000000000000000 -1000000000000000000.000000000000000
mndens: 0.021545090797168 0.042719829120684 0.021276595744681 0.022120080436656 0.016393442622951 1000000000000000000.000000000000000 1000000000000000000.000000000000000 1000000000000000000.000000000000000 1000000000000000000.000000000000000 1000000000000000000.000000000000000

mxdens: 0.083246618106139 0.083288263926447 0.069204152249135 0.053877551020408 0.047407407407407 -1000000000000000000.000000000000000 -1000000000000000000.000000000000000 -1000000000000000000.000000000000000 -1000000000000000000.000000000000000 -1000000000000000000.000000000000000
mndens: 0.021545090797168 0.042291426374471 0.021276595744681 0.022120080436656 0.016393442622951 1000000000000000000.000000000000000 1000000000000000000.000000000000000 1000000000000000000.000000000000000 1000000000000000000.000000000000000 1000000000000000000.000000000000000
