300ケース実行時のスコア

埋め込みのみ(12.cpp)
4,045,896,321
4,124,143,338
4,101,531,453
4,058,972,794
4,040,672,686
4,043,756,750

実行時再チェックあり(13.cpp)
4,109,035,696
4,118,143,608
4,058,212,057
4,160,622,904
4,116,990,751
4,103,316,584

埋め込みのみ4乗(16.cpp)
4,011,369,871
4,024,215,747
4,035,323,094
4,022,969,866
3,991,611,965
4,006,382,554

埋め込みのみダメケースN4じゃなくてN7(17.cpp)
4,066,184,733
4,120,556,018
4,050,593,822
4,082,212,252
4,070,904,955
4,105,587,201

実行時チェックありダメケース比較がmxavg(18.cpp)
4,068,087,072
4,137,054,463
4,127,737,947
4,061,766,910
4,134,384,919
4,080,636,415
